0000111111111100000000010011011100000000000000000000000010010011
0000000000010001001000100010001100000000000100010010000000100011
0000000000010001001001100010001100110000000000000000000010010011
0000000000010001001001000010001100001111111111011110000100110111
0111111111110001000000010001001100000000000100010000000100010011
1111111111110000000000001001001100000000000100010010000000100011
0000000000010001001000100010001100000010000100010010001000100011
0000000000000000000000000001001100000000000000000000000000010011
1111111000000000000011100110001100001111111111000000000100110111
0000000000000000000000001001001100000000000100010010001000100011
0000000000010001001000000010001100000000000100010010011000100011
0011000000000000000000001001001100000000000100010010010000100011
0000111111111101111000010011011101111111111100010000000100010011
0000000000010001000000010001001111111111111100000000000010010011
0000000000010001001000000010001100000000000100010010001000100011
0000001000010001001000100010001100000000000000000000000000010011
0000000000000000000000000001001111111110000000000000111001100011
0000111111111100000000010011011100000000000000000000000010010011
0000000000010001001000100010001100000000000100010010000000100011
00000000000100010010011000100011
00110000000000000000000010010011
00000000000100010010010000100011
00001111111111011110000100110111
01111111111100010000000100010011
00000000000100010000000100010011
11111111111100000000000010010011
00000000000100010010000000100011
00000000000100010010001000100011
00000010000100010010001000100011
00000000000000000000000000010011
00000000000000000000000000010011
11111110000000000000111001100011
00001111111111000000000100110111
00000000000000000000000010010011
00000000000100010010001000100011
00000000000100010010000000100011
00000000000100010010011000100011
00110000000000000000000010010011
00000000000100010010010000100011
00001111111111011110000100110111
01111111111100010000000100010011
00000000000100010000000100010011
11111111111100000000000010010011
00000000000100010010000000100011
00000000000100010010001000100011
00000010000100010010001000100011
00000000000000000000000000010011
00000000000000000000000000010011
11111110000000000000111001100011
00001111111111000000000100110111
00000000000000000000000010010011
00000000000100010010001000100011
00000000000100010010000000100011
00000000000100010010011000100011
00110000000000000000000010010011
00000000000100010010010000100011
00001111111111011110000100110111
01111111111100010000000100010011
00000000000100010000000100010011
11111111111100000000000010010011
00000000000100010010000000100011
00000000000100010010001000100011
00000010000100010010001000100011
00000000000000000000000000010011
00000000000000000000000000010011
11111110000000000000111001100011
00001111111111000000000100110111
00000000000000000000000010010011
00000000000100010010001000100011
00000000000100010010000000100011
00000000000100010010011000100011
00110000000000000000000010010011
00000000000100010010010000100011
00001111111111011110000100110111
01111111111100010000000100010011
00000000000100010000000100010011
11111111111100000000000010010011
00000000000100010010000000100011
00000000000100010010001000100011
00000010000100010010001000100011
00000000000000000000000000010011
00000000000000000000000000010011
11111110000000000000111001100011
